0 0.434635 0.594907 0.140625 0.325
0 0.735417 0.605093 0.159375 0.175926
0 0.628125 0.586574 0.09375 0.117593
0 0.525521 0.564815 0.05 0.0768519
1 0.721875 0.503704 0.0125 0.0268519
1 0.641667 0.512963 0.0125 0.0333333
1 0.674479 0.530093 0.0229167 0.0648148
1 0.772396 0.508333 0.0104167 0.025
1 0.653646 0.51713 0.0135417 0.0259259
1 0.707292 0.506019 0.0145833 0.0259259
1 0.691146 0.513426 0.0145833 0.0342593
1 0.935938 0.498148 0.0104167 0.0666667
1 0.758333 0.50463 0.0104167 0.0268519
3 0.394271 0.280556 0.0192708 0.0694444
