0 0.311979 0.593982 0.1375 0.173148 
0 0.0572917 0.532407 0.0677083 0.137037 
0 0.488021 0.542593 0.0447917 0.0592593 
0 0.608333 0.538889 0.0427083 0.0611111 
0 0.16276 0.537037 0.0307292 0.037037 
0 0.222135 0.539815 0.0317708 0.0425926 
0 0.565104 0.52037 0.0260417 0.0444444 
0 0.182552 0.510185 0.0296875 0.0574074 
0 0.433333 0.531944 0.0375 0.0527778 
0 0.475781 0.524074 0.0265625 0.0388889 
0 0.54375 0.516667 0.0239583 0.0333333 
0 0.584375 0.533333 0.025 0.0444444 
0 0.443229 0.509259 0.0239583 0.0388889 
0 0.466667 0.511111 0.0239583 0.05 
0 0.522656 0.510185 0.0203125 0.0240741 
0 0.41224 0.505093 0.0244792 0.0398148 
1 0.831771 0.512963 0.0135417 0.0666667 
1 0.810417 0.514815 0.0135417 0.0703704 
0 0.322917 0.488889 0.0291667 0.0333333 
3 0.354167 0.496296 0.0114583 0.0222222 
0 0.38776 0.494907 0.0286458 0.037963 
0 0.590104 0.506481 0.0260417 0.0314815 
1 0.704167 0.508333 0.00729167 0.0351852 
0 0.374479 0.502778 0.0197917 0.0203704 
0 0.205208 0.501389 0.0125 0.0194444 
3 0.586458 0.400463 0.0114583 0.0212963 
